40915596
417953304
1919802219
2054974200
1824721966
2127806975
1305365141
1335373478
22774556
22635189
409912
411500650
860619
29017140
29017141
502455426
502455424
2090102416
411500652
1949040212
2030792744
1949038550
1949040217
1456654058
1913267140
1934785997
1949038554
490006876
1474337895
490006875
1849700898
1335797417
1474337908
1474337987
2601652493
1918884585
2061963969
1915291276
1915291310
1915291290
502455427
22635185
1501478677
494862376
566436368
1398679773
1913836762
825298
26219539
29785926
502455395
406716111
494858478
502455396
514543098
406716121
1294924560
22699092
502455381
494858483
401382372
461124365
33937479
432486470
505028288
1294899575
492834361
514774040
502455387
461080610
26115904
22709632
1294899573
28844002
407699425
28387072
28364371
32192205
862100022
27853410
1363687284
1294910587
1294889608
406716112
406716116
406716113
1366516670
1300423337
858520
503020031
22677573
22699098
416531739
825576
412902325
4885036
1300452331
461864790
1385117201
502455382
432486474
4888353
33916361
40915595
412902260
22677423
34509838
1294899574
29356315
1398679782
1456654556
22699127
1300594284
27950385
1300595324
1462369728
27950384
546724682
1391247218
424985022
1335794789
1466019525
1402830753
1453108359
459717342
1810294226
33937481
494858481
1885752784
1977103424
1955665030
33367335
2022368495
1874071402
2053992776
1956774251
1920592565
1915297636
1920258332
29091332
514761070
1347497532
825564
1316563139
2132233401
459717345
1864338278
33937485
31140693
22677548
825718
566443280
22677533
1959668202
1818537088
2608506460
2101409535
1966112472
2644193550
2163983146
1954943022
